show_debug=false
show_image=false

#ACCV
#fx=572.41140
#fy=573.57043
#cx=325.26110
#cy=242.04899

# Camera parameters for Rutgers dataset
#fx=575.8157348632812
#fy=575.8157348632812
#cx=319.5
#cy=239.5

#fx=1078.68499
#fy=1076.4742562
#cx=952.6592286
#cy=530.7386644

fx=1078.68499
fy=1076.4742562
cx=952.6592286
cy=530.7386644

k=38#80 #4800#2000 #38 #14#38 #50;
kx=2000 #500#42 #2000 #2000
ks=500 #35 #1200 #50
ky=1500 #25 #1500 #30
kdv=4.5f#4.5f
kdc=0.1f
min_size=400.0f#500.0f
sigma=0.2f#0.8f
max_ecc=0.978f
max_L1=3800.0f
max_L2=950.0f

DTH=30 #[mm]
plusD=30 #7 #7; //for depth boundary
point3D=4#3 #10//for contact boundary
g_angle=180 #140;//148;//2.f/3.f*M_PI;
l_angle=0 #M_PI/3.f;
Lcanny=28#32#140 #32
Hcanny=110#414#320  #100
FarObjZ=50000#1800 #//875;//1800; //[mm]   #28000