show_debug=false
show_image=false

#ACCV
fx=572.41140
fy=573.57043
cx=325.26110
cy=242.04899

k=38 #50;
teste="teste"
kx=2000
ky=30
ks=50
kdv=4.5f
kdc=0.1f
min_size=500.0f
sigma=0.8f
max_ecc=0.978f
max_L1=3800.0f
max_L2=950.0f

DTH=30 #[mm]
plusD=30 #7; //for depth boundary
point3D=5 #10//for contact boundary
g_angle=154 #140;//148;//2.f/3.f*M_PI;
l_angle=56 #M_PI/3.f;
Lcanny=50
Hcanny=75
FarObjZ=28000 #//875;//1800; //[mm]   