show_debug=false
show_image=false
write_image_seg="results/active_vision/seg_000210005090101.png"

#ACCV
#fx=572.41140
#fy=573.57043
#cx=325.26110
#cy=242.04899

# Camera parameters for Rutgers dataset
#fx=575.8157348632812
#fy=575.8157348632812
#cx=319.5
#cy=239.5

#fx=1078.68499
#fy=1076.4742562
#cx=952.6592286
#cy=530.7386644

fx=1078.68499
fy=1076.4742562
cx=952.6592286
cy=530.7386644

# Segmentation Params
# params challenge
k=12#38 #50
kx=2000
ky=30
ks=50
kdv=4.5f
kdc=0.1f
#min_size=500.0f
min_size=500.0f
sigma=0.8f
max_ecc=0.978f
max_L1=3800.0f
max_L2=950.0f

DTH=30 #[mm]
plusD=30 #7 //for depth boundary
point3D=4#5 #10//for contact boundary
g_angle=154 #140//148//2.f/3.f*M_PI
l_angle=56 #M_PI/3.f
Lcanny=28#32#140 #32
Hcanny=110#414#320  #1
FarObjZ=25000 #//875//1800 //[mm] 